274
772
867
102
80
252
583
901
312
675
24
926
706
400
26
324
961
764
647
653
427
417
848
486
316
791
931
703
510
990
429
431
951
189
912
106
392
678
794
172
356
646
194
488
288
629
682
955
337
134
616
663
309
340
761
312
877
892
164
946
594
464
471
704
980
696
246
531
113
582
253
717
710
205
612
21
164
352
639
994
588
560
576
196
488
992
470
514
861
840
16
987
63
381
535
614
632
650
903
27
253
825
128
19
113
530
402
280
304
277
357
314
979
477
891
137
901
669
609
566
838
937
805
860
623
861
562
816
103
839
215
442
694
267
430
352
17
768
85
413
129
941
963
851
722
4
587
541
966
430
70
690
884
718
286
272
34
37
894
80
431
374
471
566
38
584
857
285
958
546
204
334
26
307
500
843
749
929
216
126
376
713
309
384
413
860
62
183
799
258
101
495
692
530
738
64
695
577
249
928
12
853
99
851
235
574
136
800
212
373
322
475
741
926
131
807
248
194
650
413
910
725
633
80
59
526
507
820
853
329
76
236
136
400
9
751
73
279
946
917
564
827
759
129
519
607
133
185
187
215
584
617
453
205
173
826
535
789
810
868
382
758
632
7
34
737
650
655
208
262
51
722
598
696
919
848
145
512
527
391
102
31
442
870
158
650
77
561
699
770
764
953
481
865
882
236
599
293
95
583
204
656
175
894
891
216
793
937
276
395
994
26
306
85
749
110
230
970
113
622
268
475
378
56
704
387
989
824
743
34
77
458
740
520
317
8
84
735
422
182
269
184
25
428
910
808
769
534
993
628
121
252
5
322
524
200
659
531
527
937
183
426
278
396
477
518
782
112
694
890
784
169
462
883
58
946
0
340
227
523
897
320
853
900
655
704
671
708
782
164
812
592
381
708
801
384
43
362
703
870
549
701
842
897
414
508
609
693
804
860
422
205
12
704
239
863
378
808
830
76
471
272
307
211
347
152
872
903
781
399
222
615
664
626
113
391
83
633
609
566
575
479
959
980
519
668
540
816
767
910
886
940
982
557
770
729
244
433
404
641
809
190
945
185
981
772
782
5
109
576
513
876
253
713
596
468
742
33
705
11
733
151
920
601
162
202
395
185
364
951
813
603
87
843
201
378
86
143
242
947
199
503
358
662
782
291
691
611
45
211
891
503
428
492
442
757
932
434
841
111
620
493
669
541
51
569
273
944
20
730
657
635
855
398
388
516
23
870
439
181
114
864
612
814
759
520
549
419
374
828
496
710
871
42
615
94
511
78
656
45
531
876
348
223
184
411
910
782
27
609
44
452
11
467
488
95
761
509
822
991
820
422
629
517
961
45
121
941
467
573
753
35
558
556
861
186
531
705
810
664
62
178
989
513
241
499
702
806
707
437
721
500
279
292
461
551
10
212
503
732
96
431
142
766
492
628
340
271
413
576
309
487
451
194
518
23
285
201
908
953
567
691
905
823
121
902
199
871
43
13
775
35
814
25
969
915
807
915
513
10
440
869
281
828
483
375
25
341
908
677
230
230
491
265
777
650
878
848
854
78
132
648
522
848
654
76
741
151
379
956
887
978
534
33
894
751
433
507
11
457
544
863
485
368
416
599
798
190
424
687
6
389
683
602
346
21
727
458
278
624
361
284
23
37
806
864
587
619
428
915
261
68
633
522
332
495
771
330
837
499
216
401
653
168
924
154
589
880
84
368
978
436
553
982
727
146
234
195
685
591
821
193
445
467
242
365
663
184
391
339
180
9
458
630
570
599
289
481
708
51
643
118
895
536
744
528
374
978
889
963
646
480
142
522
243
866
329
7
512
760
66
463
19
866
461
136
42
804
187
531
514
432
61
745
576
426
152
856
784
459
507
526
780
762
218
395
815
708
701
300
844
346
47
714
364
121
935
762
108
92
175
225
21
356
531
777
292
603
374
628
910
182
237
298
15
100
684
16
631
328
131
437
386
643
144
824
126
762
24
909
336
129
66
702
310
564
432
908
704
119
52
556
7
767
186
395
586
167
673
249
130
586
322
247
653
362
147
635
171
119
414
363
198
78
210
506
336
810
822
890
964
567
197
101
390
936
60
651
521
748
142
634
877
261
663
756
324
487
137
223
784
732
418
16
99
594
805
553
198
1
892
188
774
118
396
367
649
973
991
145
677
465
572
490
394
13
49
832
567
629
221
570
75
447
447
22
498
147
347
67
813
679
990
557
775
743
885
369
323
75
696
160
365
83
273
5
725
726
880
813
892
912
918
551
973
949
606
687
363
775
