567
498
669
232
108
424
247
781
210
954
787
931
775
998
824
88
738
747
465
76
833
246
808
202
836
820
906
18
237
308
55
343
391
403
19
532
815
572
736
354
590
786
21
903
335
858
237
496
117
471
696
875
91
951
660
751
238
990
173
361
629
245
975
574
30
46
0
270
956
85
766
193
510
835
288
981
260
822
725
96
424
550
42
718
701
665
754
617
62
123
907
698
135
886
817
933
781
701
874
295
696
542
670
725
830
844
494
481
318
274
209
670
165
232
303
210
655
374
912
443
193
893
801
109
100
708
733
683
904
69
862
17
552
765
258
341
53
194
291
863
304
523
904
540
201
347
512
68
303
86
804
740
160
419
957
391
115
280
251
622
105
10
870
96
859
336
104
645
56
289
387
254
331
720
373
443
733
619
142
839
286
870
0
764
869
543
426
631
555
818
831
786
765
331
531
898
76
881
392
231
70
909
14
569
362
186
937
442
900
548
929
459
895
498
575
340
436
638
593
160
740
416
23
573
47
177
488
270
701
1
120
928
618
235
799
771
826
172
748
527
855
143
382
533
903
666
218
719
39
351
527
860
190
530
60
859
837
675
271
233
486
443
321
252
849
835
985
422
579
191
689
553
610
642
224
734
3
455
749
14
359
210
178
183
452
615
45
288
23
591
906
994
442
606
554
259
302
698
338
526
401
993
771
713
582
684
617
17
413
517
824
660
311
607
475
191
683
974
851
286
977
336
313
731
958
131
499
754
763
168
175
981
211
211
293
43
535
3
589
348
518
91
60
371
161
110
83
917
583
76
958
591
83
540
789
225
952
297
264
742
133
157
944
616
755
116
564
152
55
444
565
369
484
465
943
290
317
488
10
919
711
887
2
601
157
563
625
495
918
99
136
490
358
855
498
539
629
474
240
911
896
610
205
831
360
817
867
238
944
18
726
930
680
411
313
566
371
752
594
289
447
466
709
493
266
266
892
454
290
464
691
132
76
335
613
893
594
223
259
933
119
224
954
993
273
84
339
173
681
998
508
812
193
519
237
519
154
101
163
508
826
913
585
517
246
311
334
559
210
788
911
381
507
286
985
458
669
413
667
701
697
360
375
213
696
52
824
421
389
642
691
505
599
142
583
206
717
1000
187
63
402
608
922
5
323
877
520
157
516
426
4
320
430
686
448
862
574
847
141
559
717
708
491
969
891
587
493
914
989
160
729
691
855
625
873
109
997
189
248
89
650
546
534
358
937
906
452
543
723
15
228
976
8
637
846
614
982
625
448
120
498
121
8
488
101
559
149
522
635
799
737
10
126
509
618
699
934
541
482
44
808
595
716
119
850
654
575
300
117
367
227
149
457
379
415
712
65
557
535
907
432
726
818
157
971
690
320
72
837
149
922
518
309
547
780
316
322
234
73
963
400
18
234
478
6
68
64
999
419
255
300
784
814
49
54
669
315
411
592
876
78
965
661
606
9
684
500
486
900
970
553
277
631
436
996
755
594
539
337
899
963
913
174
813
960
171
109
583
803
717
443
869
706
539
787
971
95
485
868
362
417
257
906
719
770
252
618
136
613
43
570
530
506
827
173
894
79
289
848
538
443
155
988
23
782
222
568
662
809
130
368
982
410
174
428
441
587
823
393
655
257
444
678
647
567
421
950
590
919
515
138
114
53
159
27
19
615
935
151
804
921
206
810
422
985
114
207
915
447
810
890
951
318
497
162
680
850
701
831
752
845
140
631
510
840
755
887
190
98
700
247
128
608
546
135
894
506
293
875
689
707
202
576
282
977
459
581
298
943
235
384
17
102
923
884
324
483
552
20
286
479
855
979
280
538
196
994
710
608
329
341
7
368
286
94
229
930
892
783
670
14
165
910
29
645
306
573
269
140
448
337
910
114
881
257
826
502
991
301
196
231
72
830
319
878
125
833
483
112
482
314
721
902
703
285
696
819
709
679
691
320
636
281
756
321
974
579
33
965
713
423
511
80
889
503
464
69
679
68
802
63
123
881
580
255
791
910
246
107
845
945
26
88
516
186
630
525
72
994
874
68
240
29
923
13
603
221
853
289
978
10
853
595
189
227
53
918
780
763
325
539
651
810
62
740
861
152
547
54
661
840
898
800
202
92
545
87
934
900
543
601
937
53
939
477
204
903
15
551
290
112
427
962
615
612
596
27
820
181
787
680
607
727
403
903
555
972
753
778
693
331
87
261
130
386
962
337
89
65
198
753
237
924
662
496
732
538
656
877
289
472
326
588
258
793
1000
736
118
541
521
